image_width: 1280
image_height: 1024
camera_name: narrow_stereo/right
camera_matrix:
  rows: 3
  cols: 3
  data: [1081.212582, 0.000000, 613.769273, 0.000000, 1077.728711, 502.461939, 0.000000, 0.000000, 1.000000]
distortion_model: plumb_bob
distortion_coefficients:
  rows: 1
  cols: 5
  data: [-0.251831, 0.093744, 0.000302, -0.000226, 0.000000]
rectification_matrix:
  rows: 3
  cols: 3
  data: [0.996641, -0.025363, -0.077872, 0.025457, 0.999676, 0.000211, 0.077841, -0.002192, 0.996963]
projection_matrix:
  rows: 3
  cols: 4
  data: [1033.465045, 0.000000, 712.374367, -107.455728, 0.000000, 1033.465045, 503.103931, 0.000000, 0.000000, 0.000000, 1.000000, 0.000000]
