# oST version 5.0 parameters


[image]

width
1280

height
1024

[narrow_stereo/left]

camera matrix
1090.222019 0.000000 644.845692
0.000000 1087.467098 525.534124
0.000000 0.000000 1.000000

distortion
-0.266954 0.134285 -0.001145 -0.000878 0.000000

rectification
0.995568 0.004987 -0.093908
-0.005157 0.999985 -0.001567
0.093898 0.002044 0.995580

projection
1040.999659 0.000000 774.447803 0.000000
0.000000 1040.999659 524.684700 0.000000
0.000000 0.000000 1.000000 0.000000

# oST version 5.0 parameters


[image]

width
1280

height
1024

[narrow_stereo/right]

camera matrix
1103.092092 0.000000 650.316455
0.000000 1099.539857 527.385128
0.000000 0.000000 1.000000

distortion
-0.265558 0.122307 -0.001794 -0.000490 0.000000

rectification
0.995387 -0.004391 -0.095839
0.004564 0.999988 0.001590
0.095831 -0.002021 0.995396

projection
1040.999659 0.000000 774.447803 -104.729820
0.000000 1040.999659 524.684700 0.000000
0.000000 0.000000 1.000000 0.000000

