image_width: 1280
image_height: 1024
camera_name: narrow_stereo/right
camera_matrix:
  rows: 3
  cols: 3
  data: [1103.092092, 0.000000, 650.316455, 0.000000, 1099.539857, 527.385128, 0.000000, 0.000000, 1.000000]
distortion_model: plumb_bob
distortion_coefficients:
  rows: 1
  cols: 5
  data: [-0.265558, 0.122307, -0.001794, -0.000490, 0.000000]
rectification_matrix:
  rows: 3
  cols: 3
  data: [0.995387, -0.004391, -0.095839, 0.004564, 0.999988, 0.001590, 0.095831, -0.002021, 0.995396]
projection_matrix:
  rows: 3
  cols: 4
  data: [1040.999659, 0.000000, 774.447803, -104.729820, 0.000000, 1040.999659, 524.684700, 0.000000, 0.000000, 0.000000, 1.000000, 0.000000]
